852.0 -109.0 -2486.0
808.0 -130.0 -2484.0
808.0 -130.0 -2484.0
820.0 -102.0 -2483.0
820.0 -102.0 -2483.0
840.0 -190.0 -2464.0
840.0 -190.0 -2464.0
840.0 -190.0 -2464.0
1523.0 -385.0 -2321.0
1523.0 -385.0 -2321.0
2963.0 647.0 -1135.0
2963.0 647.0 -1135.0
2963.0 647.0 -1135.0
3345.0 383.0 -234.0
3345.0 383.0 -234.0
3363.0 -1.0 716.0
3363.0 -1.0 716.0
3363.0 -1.0 716.0
2842.0 -145.0 1881.0
2842.0 -145.0 1881.0
2413.0 -634.0 2246.0
2413.0 -634.0 2246.0
2413.0 -395.0 1001.0
3255.0 -395.0 1001.0
3255.0 -395.0 1001.0
3303.0 -255.0 -481.0
3303.0 -255.0 -481.0
2357.0 -633.0 -1775.0
2357.0 -633.0 -1775.0
2357.0 -633.0 -1775.0
1537.0 -2119.0 -1368.0
1537.0 -2119.0 -1368.0
1240.0 -2767.0 -517.0
1240.0 -2767.0 -517.0
1240.0 -2767.0 -517.0
1549.0 -2724.0 790.0
1549.0 -2724.0 790.0
1350.0 -2220.0 1922.0
1350.0 -2220.0 1922.0
1350.0 -2220.0 1922.0
1176.0 -1600.0 2491.0
1176.0 -1600.0 2491.0
1176.0 -1600.0 2491.0
880.0 -1052.0 2770.0
880.0 -1052.0 2770.0
880.0 -1052.0 2770.0
643.0 -737.0 2891.0
643.0 -737.0 2891.0
643.0 -737.0 2891.0
884.0 -1481.0 2621.0
884.0 -1481.0 2621.0
1835.0 -2398.0 1356.0
1835.0 -2398.0 1356.0
1835.0 -2398.0 1356.0
1892.0 -2403.0 -679.0
1892.0 -2403.0 -679.0
1892.0 -2403.0 -679.0
1492.0 -1104.0 -2106.0
1492.0 -1104.0 -2106.0
1492.0 -1104.0 -2106.0
353.0 597.0 -2429.0
353.0 597.0 -2429.0
-589.0 2116.0 -1295.0
-589.0 2116.0 -1295.0
-589.0 2116.0 -1295.0
-247.0 2620.0 842.0
-247.0 2620.0 842.0
-247.0 2620.0 842.0
341.0 1798.0 2221.0
341.0 1798.0 2221.0
341.0 1798.0 2221.0
666.0 814.0 2737.0
666.0 814.0 2737.0
410.0 662.0 2804.0
443.0 662.0 2804.0
443.0 662.0 2804.0
-384.0 1301.0 2404.0
-384.0 1301.0 2404.0
-384.0 1301.0 2404.0
-1597.0 827.0 1906.0
-1597.0 827.0 1906.0
-1597.0 827.0 1906.0
-2288.0 255.0 1146.0
-2288.0 255.0 1146.0
-2288.0 255.0 1146.0
-2418.0 310.0 215.0
-2418.0 310.0 215.0
-2336.0 683.0 189.0
-2336.0 683.0 189.0
-2336.0 683.0 189.0
-1378.0 1879.0 1208.0
-1378.0 1879.0 1208.0
-1378.0 1879.0 1208.0
-474.0 2292.0 1432.0
-474.0 2292.0 1432.0
-474.0 2292.0 1432.0
149.0 1913.0 2114.0
149.0 1913.0 2114.0
149.0 1913.0 2114.0
1542.0 1699.0 2111.0
1542.0 1699.0 2111.0
2337.0 1706.0 1467.0
2337.0 1706.0 1467.0
2337.0 1706.0 1467.0
2837.0 1514.0 832.0
2837.0 1514.0 832.0
2837.0 1514.0 832.0
2830.0 1676.0 363.0
2830.0 1676.0 363.0
2830.0 1676.0 363.0
2853.0 1641.0 496.0
2853.0 1641.0 496.0
2136.0 1944.0 1395.0
2136.0 1944.0 1395.0
2136.0 1944.0 1395.0
1157.0 2331.0 1503.0
1157.0 2331.0 1503.0
1157.0 2331.0 1503.0
656.0 2824.0 154.0
656.0 2824.0 154.0
656.0 2824.0 154.0
-237.0 2109.0 -1547.0
-237.0 2109.0 -1547.0
-237.0 2109.0 -1547.0
19.0 565.0 -2413.0
19.0 565.0 -2413.0
363.0 158.0 -2502.0
363.0 158.0 -2502.0
363.0 158.0 -2502.0
179.0 -1290.0 -2186.0
179.0 -1290.0 -2186.0
179.0 -1290.0 -2186.0
677.0 -2089.0 -1659.0
677.0 -2089.0 -1659.0
677.0 -2089.0 -1659.0
1052.0 -2503.0 -1029.0
1052.0 -2503.0 -1029.0
1564.0 -2696.0 -42.0
1590.0 -2696.0 -42.0
1590.0 -2696.0 -42.0
2416.0 -2172.0 112.0
2416.0 -2172.0 112.0
2416.0 -2172.0 112.0
2634.0 -1891.0 784.0
2634.0 -1891.0 784.0
2634.0 -1891.0 784.0
2612.0 -1644.0 1295.0
2612.0 -1644.0 1295.0
2612.0 -1644.0 1295.0
2625.0 -1450.0 1501.0
2625.0 -1450.0 1501.0
2729.0 -1859.0 500.0
2729.0 -1859.0 500.0
2729.0 -1859.0 500.0
2029.0 -2110.0 -1037.0
2029.0 -2110.0 -1037.0
2029.0 -2110.0 -1037.0
857.0 -1701.0 -1991.0
857.0 -1701.0 -1991.0
857.0 -1701.0 -1991.0
-1020.0 -1322.0 -1808.0
-1020.0 -1322.0 -1808.0
-1020.0 -1322.0 -263.0
-2381.0 -555.0 -263.0
-2381.0 -555.0 -263.0
-2290.0 -149.0 1153.0
-2290.0 -149.0 1153.0
-2290.0 -149.0 1153.0
-1813.0 51.0 1932.0
-1813.0 51.0 1932.0
-1813.0 51.0 1932.0
-2039.0 -781.0 1540.0
-2039.0 -781.0 1540.0
-2039.0 -781.0 1540.0
-1602.0 -1675.0 1601.0
-1602.0 -1675.0 1601.0
-1260.0 -2289.0 1239.0
-1260.0 -2289.0 1239.0
-1260.0 -2289.0 1239.0
-171.0 -2719.0 1353.0
-171.0 -2719.0 1353.0
-171.0 -2719.0 1353.0
776.0 -2724.0 1360.0
776.0 -2724.0 1360.0
776.0 -2724.0 1360.0
1856.0 -2492.0 957.0
1856.0 -2492.0 957.0
1856.0 -2492.0 957.0
2145.0 -2391.0 -170.0
2145.0 -2391.0 -170.0
2070.0 -1109.0 -1893.0
2070.0 -1109.0 -1893.0
2070.0 -1109.0 -1893.0
1549.0 529.0 -2362.0
1549.0 529.0 -2362.0
1549.0 529.0 -2362.0
236.0 1904.0 -1906.0
236.0 1904.0 -1906.0
236.0 1904.0 -1906.0
-308.0 2610.0 -681.0
-308.0 2610.0 -681.0
39.0 2806.0 297.0
39.0 2806.0 297.0
39.0 2806.0 297.0
597.0 2116.0 1906.0
597.0 2116.0 1906.0
597.0 2116.0 1906.0
806.0 849.0 2720.0
806.0 849.0 2720.0
806.0 849.0 2720.0
953.0 -612.0 2843.0
953.0 -612.0 2843.0
953.0 -612.0 2843.0
887.0 -1545.0 2549.0
887.0 -1545.0 2549.0
631.0 -2006.0 2232.0
631.0 -2006.0 2232.0
631.0 -2006.0 2232.0
598.0 -1349.0 2634.0
598.0 -1349.0 2634.0
598.0 -1349.0 2634.0
1029.0 1112.0 2565.0
1029.0 1112.0 2565.0
1029.0 1112.0 2565.0
747.0 2381.0 1518.0
747.0 2381.0 1518.0
747.0 2381.0 -72.0
-105.0 2782.0 -72.0
-105.0 2782.0 -72.0
-487.0 2128.0 -1424.0
-487.0 2128.0 -1424.0
-487.0 2128.0 -1424.0
-885.0 189.0 -2208.0
-885.0 189.0 -2208.0
-885.0 189.0 -2208.0
-1401.0 -1199.0 -1543.0
-1401.0 -1199.0 -1543.0
-1401.0 -1199.0 -1543.0
-1215.0 -2391.0 -231.0
-1215.0 -2391.0 -231.0
-987.0 -2553.0 867.0
-987.0 -2553.0 867.0
-987.0 -2553.0 867.0
-1572.0 -1753.0 1499.0
-1572.0 -1753.0 1499.0
-1572.0 -1753.0 1499.0
-1708.0 -776.0 1924.0
-1708.0 -776.0 1924.0
-1708.0 -776.0 1924.0
-1353.0 -441.0 2287.0
-1353.0 -441.0 2287.0
-1353.0 -441.0 2287.0
-920.0 -487.0 2547.0
-920.0 -487.0 2547.0
-716.0 -638.0 2614.0
-716.0 -638.0 2614.0
-716.0 -638.0 2614.0
-1580.0 -1280.0 1835.0
-1580.0 -1280.0 1835.0
-1580.0 -1280.0 1835.0
-1827.0 -1804.0 830.0
-1827.0 -1804.0 830.0
-1827.0 -1804.0 830.0
-688.0 -2585.0 -605.0
-688.0 -2585.0 -605.0
-151.0 -1647.0 -1957.0
-151.0 -1647.0 -1957.0
-151.0 -1647.0 -1957.0
-746.0 46.0 -2255.0
-746.0 46.0 -2255.0
-746.0 46.0 -2255.0
-746.0 46.0 -2255.0
-746.0 46.0 -2255.0
-1619.0 1239.0 -1261.0
-1051.0 2319.0 655.0
-1051.0 2319.0 655.0
-1051.0 2319.0 655.0
-232.0 1968.0 1964.0
-232.0 1968.0 1964.0
-232.0 1968.0 2589.0
484.0 1227.0 2589.0
484.0 1227.0 2589.0
553.0 701.0 2767.0
553.0 701.0 2767.0
553.0 701.0 2767.0
152.0 271.0 2842.0
152.0 271.0 2842.0
152.0 271.0 2842.0
-192.0 680.0 2702.0
-192.0 680.0 2702.0
-192.0 680.0 2702.0
-523.0 1599.0 2133.0
-523.0 1599.0 2133.0
-973.0 2263.0 975.0
-973.0 2263.0 975.0
-973.0 2263.0 975.0
-1194.0 2235.0 -368.0
-1194.0 2235.0 -368.0
-1194.0 2235.0 -368.0
-279.0 2005.0 -1669.0
-279.0 2005.0 -1669.0
-279.0 2005.0 -1669.0
934.0 2076.0 -1687.0
934.0 2076.0 -1687.0
934.0 2076.0 -1687.0
1336.0 2721.0 199.0
1336.0 2721.0 199.0
1379.0 2302.0 1450.0
1379.0 2302.0 1450.0
1379.0 2302.0 1450.0
468.0 2053.0 1954.0
468.0 2053.0 1954.0
468.0 2053.0 1954.0
156.0 2056.0 1925.0
156.0 2056.0 1925.0
156.0 2056.0 1925.0
1222.0 2536.0 1132.0
1222.0 2536.0 1132.0
2876.0 1669.0 -222.0
2876.0 1669.0 -222.0
2876.0 1669.0 -222.0
2976.0 113.0 -1315.0
2976.0 113.0 -1315.0
2976.0 113.0 -1315.0
2777.0 -427.0 -1491.0
2777.0 -427.0 -1491.0
2777.0 -427.0 -1491.0
2600.0 -760.0 -1573.0
2600.0 -760.0 -1573.0
2600.0 -760.0 -1573.0
3163.0 -241.0 -959.0
3163.0 -241.0 -959.0
3431.0 59.0 -116.0
3431.0 59.0 -116.0
3431.0 59.0 -116.0
3384.0 -591.0 455.0
3384.0 -591.0 455.0
3384.0 -591.0 455.0
2943.0 -976.0 1461.0
2943.0 -976.0 1461.0
2943.0 -976.0 1461.0
2323.0 -1432.0 1952.0
2323.0 -1432.0 1952.0
2323.0 -1735.0 2314.0
1510.0 -1735.0 2314.0
1510.0 -1735.0 2314.0
584.0 -2267.0 2107.0
584.0 -2267.0 2107.0
584.0 -2267.0 2107.0
-407.0 -2546.0 1510.0
-407.0 -2546.0 1510.0
-407.0 -2546.0 1510.0
-968.0 -2469.0 1081.0
-968.0 -2469.0 1081.0
-968.0 -2469.0 1081.0
-786.0 -2374.0 1520.0
-786.0 -2374.0 1520.0
680.0 -1682.0 2527.0
680.0 -1682.0 2527.0
680.0 -1682.0 2527.0
2174.0 -1242.0 2168.0
2174.0 -1242.0 2168.0
2174.0 -1242.0 2168.0
3259.0 -865.0 616.0
3259.0 -865.0 616.0
3259.0 -865.0 616.0
3268.0 -217.0 -625.0
3268.0 -217.0 -625.0
3268.0 -217.0 -625.0
2371.0 -910.0 -1698.0
2371.0 -910.0 -1698.0
998.0 -2039.0 -1684.0
998.0 -2039.0 -1684.0
998.0 -2039.0 -1684.0
417.0 -2673.0 -933.0
417.0 -2673.0 -933.0
417.0 -2673.0 -933.0
1013.0 -2854.0 -312.0
1013.0 -2854.0 -312.0
1013.0 -2854.0 -312.0
1996.0 -2520.0 -89.0
1996.0 -2520.0 -89.0
2701.0 -1921.0 230.0
2701.0 -1921.0 230.0
2701.0 -1921.0 230.0
2761.0 -1714.0 871.0
2761.0 -1714.0 871.0
2761.0 -1714.0 871.0
2415.0 -1760.0 1458.0
2415.0 -1760.0 1458.0
2415.0 -1760.0 1458.0
2203.0 -1849.0 1639.0
2203.0 -1849.0 1639.0
2203.0 -1849.0 1639.0
2572.0 -2009.0 601.0
2572.0 -2009.0 601.0
2190.0 -1777.0 -1305.0
2190.0 -1777.0 -1305.0
2190.0 -1777.0 -1305.0
684.0 -1074.0 -2349.0
684.0 -1074.0 -2349.0
684.0 -1074.0 -2349.0
-957.0 -470.0 -2168.0
-957.0 -470.0 -2168.0
-957.0 -470.0 -2168.0
-2207.0 -127.0 -990.0
-2207.0 -127.0 -990.0
-2207.0 -1076.0 67.0
-2335.0 -1076.0 67.0
-2335.0 -1076.0 67.0
-2256.0 -1210.0 -225.0
-2256.0 -1210.0 -225.0
-2256.0 -1210.0 -225.0
-1552.0 -1828.0 -982.0
-1552.0 -1828.0 -982.0
-1552.0 -1828.0 -982.0
-1413.0 -1000.0 -1718.0
-1413.0 -1000.0 -1718.0
-1413.0 -1000.0 -1718.0
-2390.0 98.0 -411.0
-2390.0 98.0 -411.0
-2352.0 754.0 155.0
-2352.0 754.0 155.0
-2352.0 754.0 155.0
-1281.0 1811.0 1442.0
-1281.0 1811.0 1442.0
-1281.0 1811.0 1442.0
-334.0 1478.0 2329.0
-334.0 1478.0 2329.0
-334.0 1478.0 2329.0
320.0 841.0 2751.0
320.0 841.0 2751.0
320.0 841.0 2751.0
597.0 130.0 2972.0
597.0 130.0 2972.0
296.0 -410.0 2903.0
296.0 -410.0 2903.0
296.0 -410.0 2903.0
8.0 -299.0 2871.0
8.0 -299.0 2871.0
8.0 -299.0 2871.0
-129.0 -54.0 2851.0
-129.0 -54.0 2851.0
-129.0 -54.0 2851.0
-680.0 774.0 2524.0
-680.0 774.0 2524.0
-1955.0 506.0 1588.0
-1955.0 506.0 1588.0
-1955.0 506.0 1588.0
-2365.0 455.0 288.0
-2365.0 455.0 288.0
-2365.0 455.0 288.0
-2328.0 668.0 34.0
-2328.0 668.0 34.0
-2328.0 668.0 34.0
-1525.0 1122.0 1828.0
-1525.0 1122.0 1828.0
-1525.0 1122.0 1828.0
-365.0 1446.0 2334.0
-365.0 1446.0 2334.0
82.0 1401.0 2474.0
82.0 1401.0 2474.0
82.0 1401.0 2474.0
-119.0 1684.0 2241.0
-119.0 1684.0 2241.0
-119.0 1684.0 2241.0
-329.0 2233.0 1574.0
-329.0 2233.0 1574.0
-329.0 2233.0 1574.0
-1067.0 2097.0 1252.0
-1067.0 2097.0 1252.0
-2091.0 1317.0 609.0
-2053.0 1317.0 609.0
-2053.0 1317.0 609.0
-2023.0 570.0 -1043.0
-2023.0 570.0 -1043.0
-2023.0 570.0 -1043.0
-1185.0 -466.0 -1974.0
-1185.0 -466.0 -1974.0
-1185.0 -466.0 -1974.0
43.0 -1476.0 -2082.0
43.0 -1476.0 -2082.0
43.0 -1476.0 -2082.0
1687.0 -1431.0 -1881.0
1687.0 -1431.0 -1881.0
2792.0 -1156.0 -1073.0
2792.0 -1156.0 -1073.0
2792.0 -1156.0 -1073.0
3249.0 -939.0 -102.0
3249.0 -939.0 -102.0
3249.0 -939.0 -102.0
3094.0 -1032.0 1080.0
3094.0 -1032.0 1080.0
3094.0 -1032.0 1080.0
2208.0 -1111.0 2243.0
2208.0 -1111.0 2243.0
2225.0 -1040.0 2233.0
2225.0 -1040.0 2233.0
2225.0 -1040.0 2233.0
2225.0 -1040.0 2233.0
2426.0 -994.0 2090.0
2426.0 -994.0 2090.0
2353.0 -1091.0 2890.0
2353.0 -1091.0 2890.0
2353.0 -1091.0 2122.0
2353.0 -1091.0 2122.0
2348.0 -1081.0 2139.0
2348.0 -1081.0 2139.0
2337.0 -1061.0 2164.0
2337.0 -1061.0 2164.0
2337.0 -1061.0 2164.0
2670.0 -968.0 1836.0
2670.0 -968.0 1836.0
2670.0 -456.0 397.0
3404.0 -310.0 397.0
3404.0 -310.0 397.0
2920.0 -46.0 -1352.0
2920.0 -46.0 -1352.0
2920.0 -46.0 -1352.0
1783.0 374.0 -2240.0
1783.0 374.0 -2240.0
1783.0 374.0 -2240.0
902.0 34.0 -2489.0
902.0 34.0 -2489.0
902.0 34.0 -2489.0
508.0 -261.0 -2513.0
508.0 -261.0 -2513.0
402.0 -676.0 -2442.0
402.0 -676.0 -2442.0
402.0 -676.0 -2442.0
314.0 -935.0 -2379.0
314.0 -935.0 -2379.0
314.0 -935.0 -2379.0
231.0 -1180.0 -2286.0
231.0 -1180.0 -2286.0
231.0 -1180.0 -2286.0
262.0 -1183.0 -2284.0
262.0 -1183.0 -2284.0
306.0 -1144.0 -2289.0
306.0 -1144.0 -2289.0
306.0 -1144.0 -2289.0
776.0 -1178.0 -2290.0
776.0 -1178.0 -2290.0
776.0 -1178.0 -2290.0
1595.0 -1352.0 -2023.0
1595.0 -1352.0 -2023.0
1595.0 -1352.0 -2023.0
2516.0 -1183.0 -1496.0
2516.0 -1183.0 -1496.0
2516.0 -1183.0 -1496.0
3298.0 -714.0 -434.0
3298.0 -714.0 -434.0
3363.0 -728.0 126.0
3363.0 -728.0 126.0
3363.0 -728.0 126.0
3375.0 -689.0 280.0
3375.0 -689.0 280.0
3375.0 -689.0 280.0
3382.0 -621.0 258.0
3382.0 -621.0 258.0
3382.0 -621.0 258.0
3395.0 -598.0 244.0
3395.0 -598.0 244.0
3395.0 -598.0 292.0
3390.0 -641.0 292.0
3390.0 -641.0 292.0
3386.0 -660.0 293.0
3386.0 -660.0 293.0
3386.0 -660.0 293.0
3389.0 -606.0 273.0
3389.0 -606.0 273.0
3389.0 -606.0 273.0
3288.0 -682.0 -406.0
3288.0 -682.0 -406.0
3288.0 -682.0 -406.0
2794.0 -983.0 -1258.0
2794.0 -983.0 -1258.0
1977.0 -1476.0 -1740.0
1977.0 -1476.0 -1740.0
1977.0 -1476.0 -1740.0
665.0 -1890.0 -1906.0
665.0 -1890.0 -1906.0
665.0 -1890.0 -1906.0
-906.0 -2051.0 -1356.0
-906.0 -2051.0 -1356.0
-906.0 -2051.0 -1356.0
-617.0 -2540.0 -920.0
-617.0 -2540.0 -920.0
-617.0 -2540.0 -920.0
341.0 -2890.0 -582.0
341.0 -2890.0 -582.0
1410.0 -2870.0 -6.0
1410.0 -2870.0 -6.0
1410.0 -2870.0 -6.0
1536.0 -2799.0 638.0
1536.0 -2799.0 638.0
1536.0 -2799.0 638.0
1381.0 -2751.0 1049.0
1381.0 -2751.0 1049.0
1381.0 -2751.0 1049.0
1872.0 -2654.0 555.0
1872.0 -2654.0 555.0
1867.0 -2432.0 -804.0
1867.0 -2432.0 -804.0
1867.0 -2432.0 -804.0
2042.0 -1529.0 -1719.0
2042.0 -1529.0 -1719.0
2042.0 -1529.0 -1719.0
1385.0 -125.0 -2462.0
1385.0 -125.0 -2462.0
1385.0 -125.0 -2462.0
1012.0 710.0 -2465.0
1012.0 710.0 -2465.0
1012.0 710.0 -2465.0
1390.0 1195.0 -2205.0
1390.0 1195.0 -2205.0
1766.0 2162.0 -1260.0
1766.0 2162.0 -1260.0
1766.0 2162.0 -1260.0
1509.0 2695.0 -130.0
1509.0 2695.0 -130.0
1509.0 2695.0 -130.0
1517.0 2577.0 809.0
1517.0 2577.0 809.0
1517.0 2577.0 809.0
1529.0 2248.0 1493.0
1529.0 2248.0 1493.0
1630.0 1751.0 2020.0
1630.0 1751.0 2020.0
1630.0 1751.0 2020.0
1337.0 1785.0 2118.0
1337.0 1785.0 2118.0
1337.0 1785.0 2118.0
1357.0 1794.0 2097.0
1357.0 1794.0 2097.0
1357.0 1794.0 2097.0
1151.0 2622.0 985.0
1151.0 2622.0 985.0
1151.0 2622.0 985.0
1499.0 2657.0 -416.0
1499.0 2657.0 -416.0
2172.0 1911.0 -1198.0
2172.0 1911.0 -1198.0
2172.0 1911.0 -1198.0
2384.0 1769.0 -1145.0
2384.0 1769.0 -1145.0
2384.0 1769.0 -1145.0
2421.0 1706.0 -1187.0
2421.0 1706.0 -1187.0
2421.0 1706.0 -1187.0
2043.0 1242.0 -1870.0
2043.0 1242.0 -1870.0
2043.0 1242.0 -2126.0
1773.0 565.0 -2240.0
1773.0 565.0 -2240.0
872.0 -426.0 -2493.0
872.0 -426.0 -2493.0
872.0 -426.0 -2493.0
88.0 -432.0 -2492.0
88.0 -432.0 -2492.0
88.0 -432.0 -2492.0
-635.0 -598.0 -2283.0
-635.0 -598.0 -2283.0
-635.0 -598.0 -2283.0
-1346.0 -704.0 -1873.0
-1346.0 -704.0 -1873.0
-1069.0 -879.0 -2019.0
-1069.0 -879.0 -2019.0
-1069.0 -879.0 -2019.0
624.0 -886.0 -2442.0
624.0 -886.0 -2442.0
624.0 -886.0 -2442.0
2192.0 -685.0 -1994.0
2192.0 -685.0 -1994.0
2192.0 -685.0 -1994.0
3044.0 -514.0 -1145.0
3044.0 -514.0 -1145.0
3044.0 -514.0 -1145.0
3455.0 -293.0 307.0
3455.0 -293.0 307.0
3102.0 -561.0 1445.0
3102.0 -561.0 1445.0
3102.0 -561.0 1445.0
2504.0 -1166.0 1989.0
2504.0 -1166.0 1989.0
2504.0 -1166.0 1989.0
2425.0 -1238.0 2016.0
2425.0 -1238.0 2016.0
2425.0 -1238.0 2016.0
3112.0 -958.0 1174.0
3112.0 -958.0 1174.0
3351.0 -767.0 44.0
3351.0 -767.0 44.0
3351.0 -767.0 44.0
3082.0 -759.0 -928.0
3082.0 -759.0 -928.0
3082.0 -759.0 -928.0
2302.0 -921.0 -1799.0
2302.0 -921.0 -1799.0
2302.0 -921.0 -1799.0
1261.0 -1372.0 -2137.0
1261.0 -1372.0 -2137.0
1261.0 -1372.0 -2137.0
74.0 -1592.0 -2097.0
74.0 -1592.0 -2097.0
-889.0 -1784.0 -1650.0
-889.0 -1784.0 -1650.0
-889.0 -1784.0 -1650.0
-1111.0 -2293.0 -881.0
-1111.0 -2293.0 -881.0
-1111.0 -2293.0 -881.0
-137.0 -2792.0 -693.0
-137.0 -2792.0 -693.0
-137.0 -2792.0 -693.0
1309.0 -2657.0 -801.0
1309.0 -2657.0 -801.0
2308.0 -1991.0 -930.0
2308.0 -1991.0 -930.0
2308.0 -1991.0 -930.0
2867.0 -1143.0 -1020.0
2867.0 -1143.0 -1020.0
2867.0 -1143.0 -1020.0
3323.0 -334.0 -494.0
3323.0 -334.0 -494.0
3323.0 -334.0 -494.0
3349.0 -431.0 -310.0
3349.0 -431.0 -310.0
3349.0 -431.0 -310.0
3163.0 -553.0 -832.0
3163.0 -553.0 -832.0
2269.0 -1397.0 -1563.0
2269.0 -1397.0 -1563.0
2269.0 -1397.0 -1563.0
1111.0 -1991.0 -1745.0
1111.0 -1991.0 -1745.0
1111.0 -1991.0 -1745.0
-14.0 -2273.0 -1513.0
-14.0 -2273.0 -1513.0
-14.0 -2273.0 -1513.0
-1179.0 -1820.0 -1391.0
-1179.0 -1820.0 -1391.0
-2073.0 -911.0 -1018.0
-2073.0 -911.0 -1018.0
-2073.0 -911.0 -1018.0
-2439.0 -553.0 -358.0
-2439.0 -553.0 -358.0
-2439.0 -553.0 -358.0
-2218.0 -960.0 -729.0
-2218.0 -960.0 -729.0
-2218.0 -960.0 -729.0
-700.0 -1781.0 -1754.0
-700.0 -1781.0 -1754.0
-700.0 -1781.0 -1754.0
939.0 -1922.0 -1860.0
939.0 -1922.0 -1860.0
1800.0 -1781.0 -1637.0
1800.0 -1781.0 -1637.0
1800.0 -1781.0 -1637.0
2843.0 -1069.0 -1142.0
2843.0 -1069.0 -1142.0
2843.0 -1069.0 -1142.0
3345.0 -687.0 -162.0
3345.0 -687.0 -162.0
3345.0 -687.0 -162.0
3384.0 -267.0 726.0
3384.0 -267.0 726.0
3283.0 80.0 1058.0
3283.0 80.0 1058.0
3283.0 80.0 1058.0
3441.0 139.0 97.0
3441.0 139.0 97.0
3441.0 139.0 97.0
2863.0 -899.0 -1247.0
2863.0 -899.0 -1247.0
2863.0 -899.0 -1247.0
1740.0 -1411.0 -1944.0
1740.0 -1411.0 -1944.0
1740.0 -1411.0 -1944.0
474.0 -2136.0 -1727.0
474.0 -2136.0 -1727.0
-222.0 -1827.0 -1891.0
-222.0 -1827.0 -1891.0
-222.0 -1827.0 -1891.0
-1276.0 -1532.0 -1571.0
-1276.0 -1532.0 -1571.0
-1276.0 -1532.0 -1571.0
-2258.0 -1169.0 -285.0
-2258.0 -1169.0 -285.0
-2258.0 -1169.0 -285.0
-2237.0 -1337.0 299.0
-2237.0 -1337.0 299.0
-2237.0 -1337.0 299.0
-1644.0 -2193.0 -53.0
-1644.0 -2193.0 -53.0
-893.0 -2719.0 -54.0
-893.0 -2719.0 -54.0
-893.0 -2719.0 -54.0
-122.0 -2987.0 30.0
-122.0 -2987.0 30.0
-122.0 -2987.0 30.0
1049.0 -2936.0 -191.0
1049.0 -2936.0 -191.0
1049.0 -2936.0 -191.0
1850.0 -2540.0 -530.0
1850.0 -2540.0 -530.0
1850.0 -2540.0 -530.0
2682.0 -1218.0 -1268.0
2682.0 -1218.0 -1268.0
2444.0 -109.0 -1899.0
2444.0 -109.0 -1899.0
2444.0 -109.0 -1899.0
1399.0 426.0 -2421.0
1399.0 426.0 -2421.0
1399.0 426.0 -2421.0
1522.0 805.0 -2305.0
1522.0 805.0 -2305.0
1522.0 805.0 -2305.0
2227.0 384.0 -2035.0
2227.0 384.0 -2035.0
2879.0 -531.0 -1337.0
2879.0 -531.0 -1337.0
2879.0 -531.0 -1337.0
3421.0 -63.0 -184.0
3421.0 -63.0 -184.0
3421.0 -63.0 -184.0
3274.0 -217.0 1163.0
3274.0 -217.0 1163.0
3274.0 -217.0 1163.0
2408.0 -1068.0 2137.0
2408.0 -1068.0 2137.0
2408.0 -1068.0 2137.0
1311.0 -1190.0 2691.0
1311.0 -1190.0 2691.0
318.0 -1584.0 2646.0
318.0 -1584.0 2646.0
318.0 -1584.0 2646.0
-574.0 -1843.0 2281.0
-574.0 -1843.0 2281.0
-574.0 -1843.0 2281.0
-1242.0 -1936.0 1713.0
-1242.0 -1936.0 1713.0
-1242.0 -1936.0 1713.0
-1139.0 -1502.0 2161.0
-1139.0 -1502.0 2161.0
-1139.0 -1502.0 2161.0
-1139.0 -1502.0 2161.0
-1139.0 -1502.0 2161.0
-1139.0 -1502.0 2161.0
2050.0 -1377.0 2221.0
2050.0 -1377.0 2221.0
3230.0 -800.0 886.0
3230.0 -800.0 886.0
3230.0 -800.0 886.0
3134.0 -770.0 -807.0
3134.0 -770.0 -807.0
3134.0 -770.0 -807.0
2689.0 -813.0 -1467.0
2689.0 -813.0 -1467.0
2689.0 -813.0 -1467.0
2340.0 -708.0 -1826.0
2340.0 -708.0 -1826.0
2340.0 -708.0 -1826.0
1220.0 -1388.0 -2123.0
1220.0 -1388.0 -2123.0
376.0 -1782.0 -1991.0
376.0 -1782.0 -1991.0
376.0 -1782.0 -1991.0
-143.0 -1795.0 -1907.0
-143.0 -1795.0 -1907.0
-143.0 -1795.0 -1907.0
464.0 -2279.0 -1558.0
464.0 -2279.0 -1558.0
464.0 -2279.0 -1558.0
996.0 -2505.0 -1213.0
996.0 -2505.0 -1213.0
996.0 -2505.0 -1213.0
854.0 -1764.0 -1996.0
854.0 -1764.0 -1996.0
748.0 -21.0 -2563.0
748.0 -21.0 -2563.0
748.0 -21.0 -2563.0
-232.0 1641.0 -2020.0
-232.0 1641.0 -2020.0
-232.0 1641.0 -2020.0
-860.0 2396.0 -705.0
-860.0 2396.0 -705.0
-860.0 2396.0 -705.0
-1265.0 2286.0 324.0
-1265.0 2286.0 324.0
-1265.0 2286.0 324.0
-441.0 2094.0 1791.0
-441.0 2094.0 1791.0
-374.0 1789.0 2110.0
-374.0 1789.0 2110.0
-374.0 1789.0 2110.0
-96.0 2581.0 1169.0
-96.0 2581.0 1169.0
-96.0 2581.0 1169.0
-719.0 2598.0 41.0
-719.0 2598.0 41.0
-719.0 2598.0 41.0
-702.0 2329.0 -1002.0
-702.0 2329.0 -1002.0
-702.0 2329.0 -1002.0
-94.0 1669.0 -2033.0
-94.0 1669.0 -2033.0
989.0 446.0 -2496.0
989.0 446.0 -2496.0
989.0 446.0 -2496.0
2013.0 -456.0 -2130.0
2013.0 -456.0 -2130.0
2013.0 -456.0 -2130.0
2664.0 -1357.0 -1164.0
2664.0 -1357.0 -1164.0
2664.0 -1357.0 -1164.0
2539.0 -1918.0 -632.0
2539.0 -1918.0 -632.0
2539.0 -1918.0 -632.0
2886.0 -1515.0 -516.0
2886.0 -1515.0 -516.0
2374.0 -2073.0 -187.0
2553.0 -2073.0 -187.0
2553.0 -2073.0 -187.0
2226.0 -2387.0 -43.0
2226.0 -2387.0 -43.0
2226.0 -2387.0 -43.0
2672.0 -1635.0 -821.0
2672.0 -1635.0 -821.0
2672.0 -1635.0 -821.0
1875.0 -1643.0 -1695.0
1875.0 -1643.0 -1695.0
1875.0 -1643.0 -1695.0
470.0 -1296.0 -2280.0
470.0 -1296.0 -2280.0
470.0 -921.0 -1910.0
-1223.0 -921.0 -1910.0
-1223.0 -921.0 -1910.0
-2100.0 -668.0 -1122.0
-2100.0 -668.0 -1122.0
-2100.0 -668.0 -1122.0
-2410.0 -778.0 -248.0
-2410.0 -778.0 -248.0
-2410.0 -778.0 -248.0
-2293.0 -1181.0 -226.0
-2293.0 -1181.0 -226.0
-2293.0 -1181.0 -226.0
-357.0 -2517.0 -1127.0
-357.0 -2517.0 -1127.0
-357.0 -2517.0 -1948.0
698.0 -1864.0 -1948.0
698.0 -1864.0 -1948.0
1616.0 -1782.0 -1744.0
1616.0 -1782.0 -1744.0
1616.0 -1782.0 -1744.0
2742.0 -1053.0 -1309.0
2742.0 -1053.0 -1309.0
2742.0 -1053.0 -1309.0
3200.0 -774.0 -652.0
3200.0 -774.0 -652.0
3200.0 -774.0 -652.0
3344.0 -855.0 332.0
3344.0 -855.0 332.0
3344.0 -855.0 332.0
2871.0 -761.0 1767.0
2871.0 -761.0 1767.0
2478.0 -909.0 2129.0
2478.0 -909.0 2129.0
2478.0 -909.0 2129.0
1658.0 -2174.0 1864.0
1658.0 -2174.0 1864.0
1658.0 -2174.0 1864.0
1207.0 -2836.0 945.0
1207.0 -2836.0 945.0
1207.0 -2836.0 945.0
1280.0 -2882.0 358.0
1280.0 -2882.0 358.0
1280.0 -2882.0 358.0
1921.0 -2324.0 -868.0
1921.0 -2324.0 -868.0
2598.0 -887.0 -1557.0
2598.0 -887.0 -1557.0
2598.0 -887.0 -1557.0
1821.0 782.0 -2198.0
1821.0 782.0 -2198.0
1821.0 782.0 -2198.0
861.0 830.0 -2456.0
861.0 830.0 -2456.0
861.0 830.0 -2456.0
490.0 96.0 -2572.0
490.0 96.0 -2572.0
490.0 96.0 -2572.0
-730.0 -478.0 -2279.0
-730.0 -478.0 -2279.0
-1611.0 73.0 -1789.0
-1611.0 73.0 -1789.0
-1611.0 73.0 -1789.0
-1383.0 -421.0 -1928.0
-1383.0 -421.0 -1928.0
-1383.0 -421.0 -1928.0
-1946.0 -406.0 -1371.0
-1946.0 -406.0 -1371.0
-1946.0 -406.0 -1371.0
-2299.0 -395.0 -705.0
-2299.0 -395.0 -705.0
-2299.0 -395.0 -705.0
-2365.0 45.0 -550.0
-2365.0 45.0 -550.0
-2374.0 544.0 -200.0
-2374.0 544.0 -200.0
-2374.0 544.0 -200.0
-2071.0 1157.0 848.0
-2071.0 1157.0 848.0
-2071.0 1157.0 848.0
-1729.0 1169.0 1525.0
-1729.0 1169.0 1525.0
-1729.0 1169.0 1525.0
-1846.0 851.0 1583.0
-1846.0 851.0 1583.0
-1846.0 851.0 1583.0
-2297.0 825.0 543.0
-2297.0 825.0 543.0
-1642.0 -306.0 -1729.0
-1642.0 -306.0 -1729.0
-1642.0 -306.0 -1729.0
1132.0 -1198.0 -2256.0
1132.0 -1198.0 -2256.0
1132.0 -1198.0 -2256.0
1017.0 -1528.0 -2103.0
1017.0 -1528.0 -2103.0
1017.0 -1528.0 -2103.0
1594.0 -1775.0 -1734.0
1594.0 -1775.0 -1734.0
1594.0 -1775.0 -1734.0
2706.0 -1449.0 -978.0
2706.0 -1449.0 -978.0
3384.0 -629.0 177.0
3384.0 -629.0 177.0
3384.0 -629.0 177.0
3230.0 -720.0 1027.0
3230.0 -720.0 1027.0
3230.0 -720.0 1027.0
2732.0 -1155.0 1704.0
2732.0 -1155.0 1704.0
2732.0 -1155.0 1704.0
2235.0 -1471.0 2022.0
2235.0 -1471.0 2022.0
2235.0 -1471.0 2022.0
2069.0 -1529.0 2121.0
2069.0 -1529.0 2121.0
2754.0 -1102.0 1673.0
2754.0 -1102.0 1673.0
2754.0 -1102.0 1673.0
3011.0 -1437.0 -227.0
3011.0 -1437.0 -227.0
3011.0 -1437.0 -227.0
2925.0 -887.0 -1092.0
2925.0 -887.0 -1092.0
2925.0 -887.0 -1092.0
2135.0 -1347.0 -1702.0
2135.0 -1347.0 -1702.0
2135.0 -1347.0 -1702.0
1386.0 -1847.0 -1753.0
1386.0 -1847.0 -1753.0
874.0 -2478.0 -1194.0
1015.0 -2478.0 -1194.0
1015.0 -2478.0 -1194.0
1125.0 -2700.0 -766.0
1125.0 -2700.0 -766.0
1125.0 -2700.0 -766.0
706.0 -3010.0 148.0
706.0 -3010.0 148.0
706.0 -3010.0 148.0
684.0 -3010.0 61.0
684.0 -3010.0 61.0
684.0 -3010.0 61.0
733.0 -2660.0 -1030.0
733.0 -2660.0 -1030.0
733.0 -1636.0 -2050.0
1219.0 -1547.0 -2050.0
1219.0 -1547.0 -2050.0
1335.0 -83.0 -2459.0
1335.0 -83.0 -2459.0
1335.0 -83.0 -2459.0
873.0 1402.0 -2218.0
873.0 1402.0 -2218.0
873.0 1402.0 -2218.0
441.0 2491.0 -1245.0
441.0 2491.0 -1245.0
441.0 2491.0 -1245.0
751.0 2834.0 484.0
751.0 2834.0 484.0
751.0 2834.0 484.0
925.0 2302.0 1738.0
925.0 2302.0 1738.0
1155.0 1524.0 2437.0
1155.0 1524.0 2437.0
1155.0 1524.0 2437.0
1652.0 847.0 2583.0
1652.0 847.0 2583.0
1652.0 847.0 2583.0
2499.0 810.0 2014.0
2499.0 810.0 2014.0
2499.0 810.0 2014.0
3150.0 762.0 1108.0
3150.0 762.0 1108.0
3150.0 762.0 1108.0
3154.0 840.0 1007.0
3154.0 840.0 1007.0
3037.0 1410.0 440.0
3037.0 1410.0 440.0
3037.0 1410.0 440.0
2779.0 1459.0 1182.0
2779.0 1459.0 1182.0
2779.0 1459.0 1182.0
2180.0 1563.0 1761.0
2180.0 1563.0 1761.0
2180.0 1563.0 1761.0
1151.0 2310.0 1570.0
1151.0 2310.0 1570.0
1151.0 2310.0 1570.0
708.0 2741.0 857.0
708.0 2741.0 857.0
-673.0 2570.0 560.0
-673.0 2570.0 560.0
-673.0 2570.0 560.0
-1251.0 2234.0 582.0
-1251.0 2234.0 582.0
-1251.0 2234.0 582.0
-1659.0 1871.0 570.0
-1659.0 1871.0 570.0
-1659.0 1871.0 570.0
-2129.0 1250.0 -98.0
-2129.0 1250.0 -98.0
-2129.0 1250.0 -98.0
-1981.0 930.0 -1004.0
-1981.0 930.0 -1004.0
-1325.0 90.0 -1989.0
-1325.0 90.0 -1989.0
-1325.0 90.0 -1989.0
671.0 -126.0 -2546.0
671.0 -126.0 -2546.0
671.0 -126.0 -2546.0
2069.0 -900.0 -1963.0
2069.0 -900.0 -1963.0
2069.0 -900.0 -1963.0
3118.0 -968.0 -627.0
3118.0 -968.0 -627.0
3118.0 -968.0 -627.0
3187.0 -1144.0 633.0
3187.0 -1144.0 633.0
3187.0 -1389.0 1626.0
2650.0 -1389.0 1626.0
2650.0 -1389.0 1626.0
1775.0 -1934.0 1992.0
1775.0 -1934.0 1992.0
1775.0 -1934.0 1992.0
1942.0 -1868.0 1914.0
1942.0 -1868.0 1914.0
1942.0 -1868.0 1914.0
2835.0 -1448.0 1171.0
2835.0 -1448.0 1171.0
2835.0 -1448.0 1171.0
3056.0 -1342.0 -234.0
3056.0 -1342.0 -234.0
3056.0 -1342.0 -1184.0
2822.0 -957.0 -1184.0
2822.0 -957.0 -1184.0
1992.0 -1033.0 -1930.0
1992.0 -1033.0 -1930.0
1992.0 -1033.0 -1930.0
901.0 -1342.0 -2179.0
901.0 -1342.0 -2179.0
901.0 -1342.0 -2179.0
-409.0 -1031.0 -2212.0
-409.0 -1031.0 -2212.0
-409.0 -1031.0 -2212.0
-1442.0 -734.0 -1778.0
-1442.0 -734.0 -1778.0
-1165.0 -1838.0 -1363.0
-1165.0 -1838.0 -1363.0
-1165.0 -1838.0 -1363.0
325.0 -2272.0 -1603.0
325.0 -2272.0 -1603.0
325.0 -2272.0 -1603.0
1460.0 -2169.0 -1452.0
1460.0 -2169.0 -1452.0
1460.0 -2169.0 -1452.0
2226.0 -1973.0 -1066.0
2226.0 -1973.0 -1066.0
2226.0 -1973.0 -1066.0
2963.0 -1534.0 -314.0
2963.0 -1534.0 -314.0
3244.0 -1028.0 601.0
3244.0 -1028.0 601.0
3244.0 -1028.0 601.0
2826.0 -951.0 1681.0
2826.0 -951.0 1681.0
2826.0 -951.0 1681.0
2315.0 -1197.0 2130.0
2315.0 -1197.0 2130.0
2315.0 -1197.0 2130.0
2294.0 -1355.0 2037.0
2294.0 -1355.0 2037.0
2294.0 -1355.0 2037.0
3118.0 -1226.0 760.0
3118.0 -1226.0 760.0
3182.0 -1090.0 -236.0
3182.0 -1090.0 -236.0
3182.0 -1090.0 -236.0
2567.0 -1385.0 -1254.0
2567.0 -1385.0 -1254.0
2567.0 -1385.0 -1254.0
1872.0 -1334.0 -1891.0
1872.0 -1334.0 -1891.0
1872.0 -1334.0 -1891.0
822.0 -1196.0 -2293.0
822.0 -1196.0 -2293.0
822.0 -1196.0 -2293.0
-243.0 -703.0 -2391.0
-243.0 -703.0 -2391.0
-1028.0 7.0 -2154.0
-1028.0 7.0 -2154.0
-1028.0 7.0 -2154.0
-1704.0 616.0 -1572.0
-1704.0 616.0 -1572.0
-1704.0 616.0 -1572.0
-1869.0 521.0 -1433.0
-1869.0 521.0 -1433.0
-1869.0 521.0 -1433.0
-1352.0 -673.0 -1911.0
-1352.0 -673.0 -1911.0
-1352.0 -673.0 -1911.0
-295.0 -1322.0 -2201.0
-295.0 -1322.0 -2201.0
1254.0 -1415.0 -2143.0
1254.0 -1415.0 -2143.0
1254.0 -1415.0 -2143.0
2116.0 -685.0 -2024.0
2116.0 -685.0 -2024.0
2116.0 -685.0 -2024.0
2539.0 -373.0 -1762.0
2539.0 -373.0 -1762.0
2539.0 -373.0 -1762.0
3154.0 -346.0 -1010.0
3154.0 -346.0 -1010.0
3154.0 -346.0 -1010.0
3416.0 -396.0 -189.0
3416.0 -396.0 -189.0
3416.0 -648.0 806.0
3330.0 -648.0 806.0
3330.0 -648.0 806.0
2624.0 -1591.0 1499.0
2624.0 -1591.0 1499.0
2624.0 -1591.0 1499.0
2189.0 -1590.0 1998.0
2189.0 -1590.0 1998.0
2189.0 -1590.0 1998.0
2595.0 -918.0 1974.0
2595.0 -918.0 1974.0
2595.0 -918.0 1974.0
3334.0 -704.0 666.0
3334.0 -704.0 666.0
3334.0 -704.0 -614.0
3220.0 -811.0 -539.0
3220.0 -811.0 -539.0
2687.0 -663.0 -1528.0
2687.0 -663.0 -1528.0
2687.0 -663.0 -1528.0
2065.0 -1239.0 -1813.0
2065.0 -1239.0 -1813.0
2065.0 -1239.0 -1813.0
1984.0 -1972.0 -1288.0
1984.0 -1972.0 -1288.0
1984.0 -1972.0 -1288.0
2134.0 -2115.0 -972.0
2134.0 -2115.0 -972.0
2134.0 -2115.0 -972.0
2311.0 -2303.0 -229.0
2311.0 -2303.0 -229.0
2206.0 -2420.0 12.0
2206.0 -2420.0 12.0
2206.0 -2420.0 12.0
2086.0 -2127.0 -1011.0
2086.0 -2127.0 -1011.0
2086.0 -2127.0 -1011.0
1342.0 -1522.0 -2038.0
1342.0 -1522.0 -2038.0
1342.0 -1522.0 -2038.0
578.0 -79.0 -2573.0
578.0 -79.0 -2573.0
578.0 -79.0 -2573.0
-242.0 1261.0 -2230.0
-242.0 1261.0 -2230.0
-1314.0 1826.0 -1156.0
-1314.0 1826.0 -1156.0
-1314.0 1826.0 -1156.0
-1925.0 1657.0 65.0
-1925.0 1657.0 65.0
-1925.0 1657.0 65.0
-1875.0 1525.0 985.0
-1875.0 1525.0 985.0
-1875.0 1525.0 985.0
-1509.0 1500.0 1694.0
-1509.0 1500.0 1694.0
-1509.0 1500.0 1694.0
-1517.0 1245.0 1828.0
-1517.0 1245.0 1828.0
-1552.0 1883.0 1021.0
-1552.0 1883.0 1021.0
-1552.0 1883.0 1021.0
-1733.0 1893.0 264.0
-1733.0 1893.0 264.0
-1733.0 1893.0 264.0
-1960.0 1485.0 -515.0
-1960.0 1485.0 -515.0
-1960.0 1485.0 -515.0
-1774.0 809.0 -1464.0
-1774.0 809.0 -1464.0
-1774.0 809.0 -1464.0
-1436.0 -115.0 -1947.0
-1436.0 -115.0 -1947.0
-1267.0 -771.0 -1953.0
-1267.0 -771.0 -1953.0
-1267.0 -771.0 -1953.0
-1195.0 -514.0 -2056.0
-1195.0 -514.0 -2056.0
-1195.0 -514.0 -2056.0
-1546.0 96.0 -1830.0
-1546.0 96.0 -1830.0
-1546.0 96.0 -1830.0
-2335.0 121.0 -723.0
-2335.0 121.0 -723.0
-2335.0 121.0 -723.0
-2498.0 141.0 -2.0
-2498.0 141.0 -2.0
-2403.0 85.0 -596.0
-2403.0 85.0 -596.0
-2403.0 85.0 -596.0
-1260.0 -328.0 -2075.0
-1260.0 -328.0 -2075.0
-1260.0 -328.0 -2075.0
845.0 -609.0 -2502.0
845.0 -609.0 -2502.0
845.0 -609.0 -2502.0
1867.0 -634.0 -2190.0
1867.0 -634.0 -2190.0
1867.0 -634.0 -2190.0
3121.0 -147.0 -1074.0
3121.0 -147.0 -1074.0
3377.0 -323.0 -393.0
3352.0 -323.0 -393.0
3352.0 -323.0 -393.0
3423.0 -309.0 -69.0
3423.0 -309.0 -69.0
3423.0 -309.0 -69.0
3160.0 -29.0 -1024.0
3160.0 -29.0 -1024.0
3160.0 -29.0 -1024.0
2445.0 -385.0 -1872.0
2445.0 -385.0 -1872.0
2445.0 -385.0 -1872.0
1091.0 -524.0 -2485.0
1091.0 -524.0 -2485.0
1091.0 -524.0 -2485.0
-488.0 -621.0 -2348.0
-488.0 -621.0 -2348.0
-1216.0 -888.0 -1937.0
-1216.0 -888.0 -1937.0
-1216.0 -888.0 -1937.0
-715.0 -1706.0 -1812.0
-715.0 -1706.0 -1812.0
-715.0 -1706.0 -1812.0
-684.0 -2054.0 -1531.0
-684.0 -2054.0 -1531.0
-684.0 -2054.0 -1531.0
-156.0 -2815.0 -664.0
-156.0 -2815.0 -664.0
-156.0 -2815.0 -664.0
34.0 -2994.0 -143.0
34.0 -2994.0 -143.0
201.0 -2881.0 -617.0
201.0 -2881.0 -617.0
201.0 -2881.0 -617.0
-142.0 -2363.0 -1447.0
-142.0 -2363.0 -1447.0
-142.0 -2363.0 -1447.0
-532.0 -1389.0 -2088.0
-532.0 -1389.0 -2088.0
-532.0 -1389.0 -2088.0
-511.0 -553.0 -2381.0
-511.0 -553.0 -2381.0
-511.0 -553.0 -2381.0
-894.0 413.0 -2244.0
-894.0 413.0 -2244.0
-1774.0 835.0 -1469.0
-1774.0 835.0 -1469.0
-1774.0 835.0 -1469.0
-1867.0 335.0 -1514.0
-1867.0 335.0 -1514.0
-1867.0 335.0 -1514.0
-1818.0 -605.0 -1544.0
-1818.0 -605.0 -1544.0
-1818.0 -605.0 -1544.0
-1190.0 -1417.0 -1736.0
-1190.0 -1417.0 -1736.0
-1190.0 -1417.0 -1736.0
471.0 -1767.0 -2042.0
471.0 -1767.0 -2042.0
1855.0 -1400.0 -1875.0
1855.0 -1400.0 -1875.0
1855.0 -1400.0 -1875.0
2634.0 252.0 -1727.0
2634.0 252.0 -1727.0
2634.0 252.0 -1727.0
1635.0 1734.0 -1790.0
1635.0 1734.0 -1790.0
1635.0 1734.0 -1790.0
282.0 2204.0 -1620.0
282.0 2204.0 -1620.0
282.0 2204.0 -1620.0
-484.0 2535.0 -730.0
-484.0 2535.0 -730.0
50.0 2693.0 968.0
50.0 2693.0 968.0
50.0 2693.0 968.0
605.0 2328.0 1726.0
605.0 2328.0 1726.0
605.0 2328.0 1726.0
1302.0 1002.0 2610.0
1302.0 1002.0 2610.0
1302.0 1002.0 2610.0
2101.0 488.0 2481.0
2101.0 488.0 2481.0
2101.0 488.0 2481.0
2100.0 499.0 2458.0
2100.0 499.0 2458.0
1320.0 555.0 2699.0
1320.0 555.0 2699.0
1320.0 555.0 2699.0
-211.0 468.0 2743.0
-211.0 468.0 2743.0
-211.0 468.0 2743.0
-972.0 749.0 2404.0
-972.0 749.0 2404.0
-972.0 749.0 2404.0
-745.0 1214.0 2342.0
-745.0 1214.0 2342.0
-745.0 1214.0 2342.0
223.0 552.0 2803.0
223.0 552.0 2803.0
1406.0 356.0 2710.0
1406.0 356.0 2710.0
1406.0 356.0 2710.0
2356.0 911.0 2012.0
2356.0 911.0 2012.0
2356.0 911.0 2012.0
2685.0 1490.0 1143.0
2685.0 1490.0 1143.0
2685.0 1490.0 1143.0
2424.0 2049.0 637.0
2424.0 2049.0 637.0
2424.0 2049.0 637.0
1509.0 2653.0 278.0
1509.0 2653.0 278.0
311.0 2802.0 -328.0
311.0 2802.0 -328.0
311.0 2802.0 -328.0
-158.0 2654.0 -645.0
-158.0 2654.0 -645.0
-158.0 2654.0 -645.0
-75.0 2751.0 515.0
-75.0 2751.0 515.0
-75.0 2751.0 515.0
67.0 2165.0 1803.0
67.0 2165.0 1803.0
67.0 2165.0 1803.0
101.0 1079.0 2588.0
101.0 1079.0 2588.0
-580.0 482.0 2607.0
-580.0 482.0 2607.0
-580.0 482.0 2607.0
-1283.0 -244.0 2320.0
-1283.0 -244.0 2320.0
-1283.0 -244.0 2320.0
-1405.0 -75.0 2272.0
-1405.0 -75.0 2272.0
-1405.0 -75.0 2272.0
-701.0 330.0 2623.0
-701.0 330.0 2623.0
-701.0 330.0 2623.0
767.0 6.0 2814.0
767.0 6.0 2814.0
1823.0 -366.0 2533.0
1823.0 -366.0 2533.0
1823.0 -366.0 2533.0
2394.0 -582.0 2179.0
2394.0 -582.0 2179.0
2394.0 -582.0 2179.0
2131.0 188.0 2372.0
2131.0 188.0 2372.0
2131.0 188.0 2372.0
1520.0 1490.0 2177.0
1520.0 1490.0 2177.0
1520.0 1490.0 2177.0
913.0 2488.0 1259.0
913.0 2488.0 1259.0
-424.0 2599.0 552.0
-424.0 2599.0 552.0
-424.0 2599.0 552.0
-1181.0 2222.0 -235.0
-1181.0 2222.0 -235.0
-1181.0 2222.0 -235.0
-1487.0 1310.0 -1335.0
-1487.0 1310.0 -1335.0
-1487.0 1310.0 -1335.0
-1111.0 -273.0 -2020.0
-1111.0 -273.0 -2020.0
-1111.0 -273.0 -2020.0
-410.0 -2340.0 -1122.0
-410.0 -2340.0 -1122.0
90.0 -2950.0 347.0
90.0 -2950.0 347.0
90.0 -2950.0 347.0
420.0 -2711.0 1416.0
420.0 -2711.0 1416.0
420.0 -2711.0 1416.0
433.0 -2400.0 1903.0
433.0 -2400.0 1903.0
433.0 -2400.0 1903.0
531.0 -1848.0 2423.0
531.0 -1848.0 2423.0
531.0 -1848.0 2423.0
735.0 -1872.0 2388.0
735.0 -1872.0 2388.0
767.0 -2141.0 2183.0
767.0 -2141.0 2183.0
767.0 -2141.0 2183.0
13.0 -2648.0 1587.0
13.0 -2648.0 1587.0
13.0 -2648.0 1587.0
-491.0 -2637.0 1311.0
-491.0 -2637.0 1311.0
-491.0 -2637.0 1311.0
-518.0 -2682.0 1219.0
-518.0 -2682.0 1219.0
-518.0 -2682.0 1219.0
-145.0 -2815.0 1158.0
-145.0 -2815.0 1158.0
858.0 -2866.0 1129.0
858.0 -2866.0 1129.0
858.0 -2866.0 1129.0
1192.0 -2585.0 1540.0
1192.0 -2585.0 1540.0
1192.0 -2585.0 1540.0
1084.0 -2385.0 1828.0
1084.0 -2385.0 1828.0
1084.0 -2385.0 1828.0
949.0 -2596.0 1517.0
949.0 -2596.0 1517.0
949.0 -2596.0 1512.0
960.0 -2584.0 1512.0
960.0 -2584.0 1512.0
1789.0 -2497.0 1036.0
1789.0 -2497.0 1036.0
1789.0 -2497.0 1036.0
2152.0 -2394.0 630.0
2152.0 -2394.0 630.0
2152.0 -2394.0 630.0
1914.0 -2576.0 404.0
1914.0 -2576.0 404.0
1914.0 -2576.0 404.0
1601.0 -2728.0 457.0
1601.0 -2728.0 457.0
1601.0 -2728.0 201.0
700.0 -2985.0 100.0
700.0 -2985.0 100.0
-78.0 -2953.0 -135.0
-78.0 -2953.0 -135.0
-78.0 -2953.0 -135.0
-780.0 -2630.0 -545.0
-780.0 -2630.0 -545.0
-780.0 -2630.0 -545.0
-824.0 -1494.0 -1883.0
-824.0 -1494.0 -1883.0
-824.0 -1494.0 -1883.0
-689.0 -204.0 -2337.0
-689.0 -204.0 -2337.0
-689.0 -204.0 -2337.0
-609.0 382.0 -2351.0
-609.0 382.0 -2351.0
-802.0 255.0 -2294.0
-802.0 255.0 -2294.0
-802.0 255.0 -2294.0
-669.0 -1203.0 -2113.0
-669.0 -1203.0 -2113.0
-669.0 -1203.0 -2113.0
-46.0 -2383.0 -1430.0
-46.0 -2383.0 -1430.0
-46.0 -2383.0 -1430.0
1280.0 -2745.0 -638.0
1280.0 -2745.0 -638.0
1280.0 -2745.0 -638.0
2170.0 -2319.0 -498.0
2170.0 -2319.0 -498.0
2759.0 -1759.0 -462.0
2759.0 -1759.0 -462.0
2759.0 -1759.0 -462.0
3163.0 -971.0 -548.0
3163.0 -971.0 -548.0
3163.0 -971.0 -548.0
3220.0 -332.0 -836.0
3220.0 -332.0 -836.0
3220.0 -332.0 -836.0
2990.0 -1325.0 -603.0
2990.0 -1325.0 -603.0
2990.0 -1325.0 -603.0
2769.0 -1871.0 -162.0
2769.0 -1871.0 -162.0
1704.0 -2431.0 -929.0
1704.0 -2431.0 -929.0
1704.0 -2431.0 -929.0
77.0 -2366.0 -1469.0
77.0 -2366.0 -1469.0
77.0 -2366.0 -1469.0
-1153.0 -1206.0 -1884.0
-1153.0 -1206.0 -1884.0
-1153.0 -1206.0 -1884.0
-1611.0 110.0 -1787.0
-1611.0 110.0 -1787.0
-1611.0 110.0 -1787.0
-1660.0 1011.0 -1486.0
-1660.0 1011.0 -1486.0
-1579.0 2007.0 -360.0
-1579.0 2007.0 -360.0
-1579.0 2007.0 -360.0
-1401.0 2154.0 557.0
-1401.0 2154.0 557.0
-1401.0 2154.0 557.0
-443.0 2008.0 1863.0
-443.0 2008.0 1863.0
-443.0 2008.0 1863.0
307.0 1769.0 2246.0
307.0 1769.0 2246.0
307.0 1769.0 2246.0
725.0 972.0 2705.0
725.0 972.0 2705.0
341.0 127.0 2921.0
341.0 127.0 2921.0
341.0 127.0 2921.0
419.0 -31.0 2941.0
419.0 -31.0 2941.0
419.0 -31.0 2941.0
669.0 684.0 2812.0
669.0 684.0 2812.0
669.0 684.0 2812.0
155.0 1281.0 2508.0
155.0 1281.0 2508.0
-400.0 1532.0 2252.0
-400.0 1532.0 2252.0
-400.0 1532.0 2252.0
-667.0 1416.0 2249.0
-667.0 1416.0 2249.0
-667.0 1416.0 2249.0
-393.0 1715.0 2157.0
-393.0 1715.0 2157.0
-393.0 1715.0 2157.0
-71.0 2008.0 1986.0
-71.0 2008.0 1986.0
-71.0 2008.0 1986.0
207.0 1712.0 2261.0
207.0 1712.0 2261.0
-5.0 1649.0 2272.0
-5.0 1649.0 2272.0
-5.0 1649.0 2272.0
-358.0 1776.0 2061.0
-358.0 1776.0 2061.0
-358.0 1776.0 2061.0
47.0 2769.0 273.0
47.0 2769.0 273.0
47.0 2769.0 273.0
354.0 2576.0 -989.0
354.0 2576.0 -989.0
354.0 2576.0 -989.0
1080.0 2288.0 -1403.0
1080.0 2288.0 -1403.0
1080.0 2288.0 -1403.0
1903.0 1896.0 -1418.0
1903.0 1896.0 -1418.0
2634.0 1125.0 -1369.0
2634.0 1125.0 -1369.0
2634.0 1125.0 -1369.0
2447.0 1536.0 -1260.0
2447.0 1536.0 -1260.0
2447.0 1536.0 -1260.0
2835.0 368.0 -1409.0
2835.0 368.0 -1409.0
2835.0 368.0 -1409.0
3161.0 134.0 -913.0
3161.0 134.0 -913.0
3161.0 134.0 -913.0
3235.0 -739.0 -422.0
3235.0 -739.0 -422.0
3192.0 -1102.0 -68.0
3192.0 -1102.0 -68.0
3192.0 -1102.0 -68.0
2655.0 -1749.0 -679.0
2655.0 -1749.0 -679.0
2655.0 -1749.0 -679.0
1799.0 -1630.0 -1736.0
1799.0 -1630.0 -1736.0
1799.0 -1630.0 -1736.0
713.0 -1438.0 -2206.0
713.0 -1438.0 -2206.0
713.0 -1438.0 -2206.0
-1077.0 -1007.0 -1984.0
-1077.0 -1007.0 -1984.0
-2101.0 -421.0 -1140.0
-2111.0 -421.0 -1140.0
-2111.0 -421.0 -1140.0
-2291.0 -353.0 -781.0
-2291.0 -353.0 -781.0
-2291.0 -353.0 -781.0
-1942.0 -417.0 -1373.0
-1942.0 -417.0 -1373.0
-1942.0 -417.0 -1373.0
-292.0 -1388.0 -2149.0
-292.0 -1388.0 -2149.0
-292.0 -1388.0 -2149.0
776.0 -2281.0 -1560.0
776.0 -2281.0 -1560.0
776.0 -2281.0 -1560.0
1984.0 -2471.0 -452.0
1984.0 -2471.0 -452.0
2262.0 -2361.0 -78.0
2262.0 -2361.0 -78.0
2262.0 -2361.0 -78.0
2396.0 -2270.0 189.0
2396.0 -2270.0 189.0
2396.0 -2270.0 189.0
3091.0 -1357.0 414.0
3091.0 -1357.0 414.0
3091.0 -1357.0 414.0
3353.0 -661.0 398.0
3353.0 -661.0 398.0
3353.0 -661.0 398.0
3143.0 -1293.0 246.0
3143.0 -1293.0 246.0
2273.0 -2028.0 -878.0
2273.0 -2028.0 -878.0
2273.0 -2028.0 -878.0
1675.0 -2142.0 -1322.0
1675.0 -2142.0 -1322.0
1675.0 -2142.0 -1322.0
661.0 -1421.0 -2218.0
661.0 -1421.0 -2218.0
661.0 -1421.0 -2218.0
-681.0 -379.0 -2318.0
-681.0 -379.0 -2318.0
-681.0 -379.0 -2318.0
-1751.0 637.0 -1509.0
-1751.0 637.0 -1509.0
-1426.0 1424.0 -1416.0
-1426.0 1424.0 -1416.0
-1426.0 1424.0 -1416.0
-694.0 2597.0 153.0
-694.0 2597.0 153.0
-694.0 2597.0 153.0
843.0 2611.0 1137.0
843.0 2611.0 1137.0
843.0 2611.0 1137.0
1298.0 2018.0 1870.0
1298.0 2018.0 1870.0
1298.0 2018.0 1870.0
1217.0 1847.0 2050.0
1217.0 1847.0 2050.0
1220.0 1696.0 2196.0
1220.0 1696.0 2196.0
1220.0 1696.0 2196.0
1269.0 1614.0 2222.0
1269.0 1614.0 2222.0
1269.0 1614.0 2222.0
958.0 1724.0 2233.0
958.0 1724.0 2233.0
958.0 1724.0 2233.0
324.0 2070.0 1950.0
324.0 2070.0 1950.0
324.0 2070.0 1950.0
75.0 2572.0 1206.0
75.0 2572.0 1206.0
75.0 2314.0 584.0
-1162.0 2314.0 584.0
-1162.0 2314.0 584.0
-1482.0 2115.0 101.0
-1482.0 2115.0 101.0
-1482.0 2115.0 101.0
-1831.0 1440.0 -788.0
-1831.0 1440.0 -788.0
-1831.0 1440.0 -788.0
-1281.0 274.0 -1989.0
-1281.0 274.0 -1989.0
-1281.0 274.0 -1989.0
300.0 -1072.0 -2345.0
300.0 -1072.0 -2345.0
300.0 -1072.0 -2345.0
2086.0 -1486.0 -1602.0
2086.0 -1486.0 -1602.0
2963.0 -1233.0 -671.0
2963.0 -1233.0 -671.0
2963.0 -1233.0 -671.0
3256.0 -907.0 -83.0
3256.0 -907.0 -83.0
3256.0 -907.0 -83.0
3109.0 -988.0 -612.0
3109.0 -988.0 -612.0
3109.0 -988.0 -612.0
1996.0 -1660.0 -1563.0
1996.0 -1660.0 -1563.0
1996.0 -1660.0 -1563.0
848.0 -1195.0 -2276.0
848.0 -1195.0 -2276.0
-449.0 -407.0 -2385.0
-449.0 -407.0 -2385.0
-449.0 -407.0 -2385.0
-1672.0 426.0 -1670.0
-1672.0 426.0 -1670.0
-1672.0 426.0 -1670.0
-2046.0 865.0 -972.0
-2046.0 865.0 -972.0
-2046.0 865.0 -972.0
-1610.0 1910.0 -447.0
-1610.0 1910.0 -447.0
-1610.0 1910.0 -447.0
-1034.0 2410.0 80.0
-1034.0 2410.0 80.0
-424.0 2666.0 491.0
-424.0 2666.0 491.0
-424.0 2666.0 491.0
367.0 2656.0 1062.0
367.0 2656.0 1062.0
367.0 2656.0 1062.0
458.0 2529.0 1313.0
458.0 2529.0 1313.0
458.0 2529.0 1313.0
182.0 2048.0 1951.0
182.0 2048.0 1951.0
182.0 2048.0 1951.0
-374.0 1518.0 2272.0
-374.0 1518.0 2272.0
-374.0 2286.0 1865.0
43.0 2123.0 1865.0
43.0 2123.0 1865.0
-64.0 2658.0 931.0
-64.0 2658.0 931.0
-64.0 2658.0 931.0
-1356.0 2224.0 94.0
-1356.0 2224.0 94.0
-1356.0 2224.0 94.0
-1499.0 1775.0 -953.0
-1499.0 1775.0 -953.0
-1499.0 1775.0 -953.0
-1039.0 1118.0 -1929.0
-1039.0 1118.0 -1929.0
-1039.0 1118.0 -1929.0
-428.0 350.0 -2393.0
-428.0 350.0 -2393.0
1453.0 -260.0 -2385.0
1453.0 -260.0 -2385.0
1453.0 -260.0 -2385.0
2991.0 -491.0 -1203.0
2991.0 -491.0 -1203.0
2991.0 -491.0 -1203.0
3381.0 -486.0 -168.0
3381.0 -486.0 -168.0
3381.0 -486.0 -168.0
3393.0 -225.0 -280.0
3393.0 -225.0 -280.0
3393.0 -225.0 -280.0
3087.0 -171.0 -1114.0
3087.0 -171.0 -1114.0
2296.0 -683.0 -1879.0
2296.0 -683.0 -1879.0
2296.0 -683.0 -1879.0
829.0 -720.0 -2441.0
829.0 -720.0 -2441.0
829.0 -720.0 -2441.0
-665.0 -54.0 -2330.0
-665.0 -54.0 -2330.0
-665.0 -54.0 -2330.0
-1352.0 587.0 -1889.0
-1352.0 587.0 -1889.0
-1352.0 587.0 -1889.0
-1789.0 1266.0 -1067.0
-1789.0 1266.0 -1067.0
-1381.0 2190.0 16.0
-1381.0 2190.0 16.0
-1381.0 2190.0 16.0
-368.0 2679.0 569.0
-368.0 2679.0 569.0
-368.0 2679.0 569.0
1069.0 2114.0 1813.0
1069.0 2114.0 1813.0
1069.0 2114.0 1813.0
1310.0 2024.0 1833.0
1310.0 2024.0 1833.0
1310.0 2024.0 1833.0
1024.0 1169.0 2551.0
1024.0 1169.0 2551.0
1024.0 1169.0 2768.0
1271.0 429.0 2768.0
1271.0 429.0 2768.0
1578.0 363.0 2678.0
1578.0 363.0 2678.0
1578.0 363.0 2678.0
1377.0 643.0 2682.0
1377.0 643.0 2682.0
1377.0 643.0 2682.0
788.0 1352.0 2490.0
788.0 1352.0 2490.0
788.0 1352.0 2490.0
16.0 2063.0 1880.0
16.0 2063.0 1880.0
16.0 2063.0 1880.0
-696.0 2134.0 1502.0
-696.0 2134.0 1502.0
-492.0 2326.0 1337.0
-492.0 2326.0 1337.0
-492.0 2326.0 1337.0
100.0 2257.0 1684.0
100.0 2257.0 1684.0
100.0 2257.0 1684.0
784.0 2204.0 1753.0
784.0 2204.0 1753.0
784.0 2204.0 1753.0
1636.0 2104.0 1529.0
1636.0 2104.0 1529.0
1636.0 2104.0 1529.0
2381.0 1644.0 1465.0
2381.0 1644.0 1465.0
2754.0 1706.0 545.0
2754.0 1706.0 545.0
2754.0 1706.0 545.0
2665.0 1795.0 630.0
2665.0 1795.0 630.0
2665.0 1795.0 630.0
2325.0 1750.0 1367.0
2325.0 1750.0 1367.0
2325.0 1750.0 1367.0
1097.0 2228.0 1642.0
1097.0 2228.0 1642.0
1097.0 2228.0 1642.0
-24.0 2566.0 1046.0
-24.0 2566.0 1046.0
-1104.0 2309.0 462.0
-1104.0 2309.0 462.0
-1104.0 2309.0 462.0
-1243.0 2245.0 414.0
-1243.0 2245.0 414.0
-1243.0 2245.0 414.0
-1070.0 2261.0 781.0
-1070.0 2261.0 781.0
-1070.0 2261.0 781.0
-161.0 2628.0 873.0
-161.0 2628.0 873.0
-161.0 2628.0 873.0
313.0 2816.0 142.0
313.0 2816.0 142.0
313.0 2816.0 -882.0
-398.0 2481.0 -846.0
-398.0 2481.0 -846.0
-893.0 1520.0 -1714.0
-893.0 1520.0 -1714.0
-893.0 1520.0 -1714.0
-872.0 655.0 -2122.0
-872.0 655.0 -2122.0
-872.0 655.0 -2122.0
-639.0 -616.0 -2234.0
-639.0 -616.0 -2234.0
-639.0 -616.0 -2234.0
1060.0 -1560.0 -2026.0
1060.0 -1560.0 -2026.0
1060.0 -1560.0 -2026.0
2320.0 -1367.0 -1508.0
2320.0 -1367.0 -1508.0
2843.0 -1391.0 -791.0
2843.0 -1391.0 -791.0
2843.0 -1391.0 -791.0
2882.0 -1234.0 -903.0
2882.0 -1234.0 -903.0
2882.0 -1234.0 -903.0
2330.0 -933.0 -1751.0
2330.0 -933.0 -1751.0
2330.0 -933.0 -1751.0
1280.0 -952.0 -2288.0
1280.0 -952.0 -2288.0
1280.0 -952.0 -2288.0
-90.0 -747.0 -2395.0
-90.0 -747.0 -2395.0
-1412.0 -191.0 -1913.0
-1412.0 -191.0 -1913.0
-1412.0 -191.0 -1913.0